22
10000
10000
10000
85
45
3
3
80
73
10000
60
10000
18
6
0
10000
10000
66
6
2
77
45
10000
10000
10000
25
28
24
2
10000
87
10000
10000
69
53
10000
10000
10000
45
67
10000
94
9
62
76
51
10000
21
79
10000
45
10000
10000
53
11
3
29
10000
39
33
10000
10000
83
28
29
10000
10000
11
10000
10000
10000
82
10000
41
27
32
10000
10000
10
10000
33
10000
92
10000
56
88
10000
10000
37
88
14
67
72
39
2
10000
10000
24
67
31
4
10000
10000
33
10000
49
4
42
34
10000
10000
16
10000
10000
11
10000
69
86
1
10000
28
10000
22
61
61
10000
55
28
9
10000
57
84
9
22
14
10000
71
10000
64
60
99
10000
10000
66
61
19
79
10000
2
10000
33
54
27
9
47
88
10000
10000
29
32
10000
23
8
10000
88
22
10000
69
26
40
10000
10000
63
12
38
86
10000
10000
10000
4
16
32
10000
4
10000
10000
12
13
10000
10000
32
10000
10000
49
48
98
57
24
24
13
10000
10000
15
1
40
24
10000
8
7
95
89
52
27
10000
15
73
10000
10000
51
10000
10000
27
89
40
10000
10
78
10000
35
25
9
42
86
10000
6
54
10000
10000
7
10000
26
10000
10000
32
87
10000
22
10000
1
19
10000
10000
49
57
10000
82
22
10000
55
10000
46
10000
10000
3
30
10000
66
10000
10000
10000
10000
35
36
5
10000
36
2
10000
3
10000
10000
46
10000
16
88
24
10000
10000
27
28
15
17
9
10000
10000
10000
9
10000
10000
10000
6
10000
10000
10000
10000
15
58
75
65
65
45
10000
7
84
10000
10000
0
61
40
35
10000
40
49
84
12
25
25
0
20
11
27
27
56
10000
23
10000
10000
10000
78
10000
10000
10
10000
31
12
10000
10000
0
39
30
10000
72
10000
10000
67
45
10000
53
61
10000
10000
10000
19
10000
43
21
17
32
24
39
15
70
62
10000
10000
44
10000
10000
10000
10000
2
46
44
10000
10000
10000
7
11
10000
18
10000
46
10000
55
38
13
20
5
10000
22
83
10000
10000
41
91
49
1
26
4
10000
10000
10000
38
10
10000
63
1
34
33
68
83
10000
5
10000
0
71
38
12
4
37
10000
73
91
10000
10000
36
4
10000
59
10000
54
10000
16
67
37
26
10000
6
10000
60
36
10000
10000
10000
14
10000
34
54
80
10000
39
18
92
10000
9
78
39
31
57
15
7
44
10000
10000
69
72
10000
89
10000
29
11
14
10000
10000
70
13
24
42
10000
44
36
11
10000
92
59
10000
10000
39
17
67
94
56
39
10000
81
59
10000
71
45
10000
34
12
81
21
10000
10000
27
48
35
10000
76
10000
2
3
10000
10000
83
10000
14
10000
52
10000
58
65
10000
10000
16
22
10000
10000
10000
10000
18
32
84
1
10000
10000
81
94
9
3
0
10000
10000
16
0
90
13
49
10000
10000
10000
10000
10000
0
41
10000
1
10000
60
81
73
10000
29
10000
19
10000
10000
10000
10000
10000
10000
10000
10000
28
43
26
35
18
36
27
10000
21
18
3
10000
12
1
10000
4
89
16
28
10000
10000
1
83
4
24
10000
28
10
96
38
23
16
4
66
10000
10000
10000
47
30
8
46
28
10000
21
10000
58
10000
10000
10000
10000
10000
11
10000
2
10000
47
11
10000
10000
10000
95
10000
33
10000
10000
10000
47
88
62
0
10000
79
98
10000
40
10000
35
34
10000
10000
22
10000
10000
7
1
13
21
10000
65
51
10000
1
10000
3
4
10000
10000
11
67
10000
10000
10000
2
10000
21
10000
19
1
10000
50
10000
25
26
10000
19
17
71
10000
29
27
75
0
10000
22
24
10000
21
2
10000
10000
10000
46
10000
30
10000
49
10000
11
63
23
27
10000
10000
60
32
10000
14
10000
6
10000
10000
70
10000
58
56
89
10000
81
10000
5
48
10000
20
82
9
55
12
67
10000
80
6
55
73
10000
99
10000
44
10000
30
29
8
7
10000
13
10000
54
43
10000
10000
21
27
10000
31
10000
10000
96
2
10000
94
10000
93
10000
31
13
83
10000
11
35
10000
49
12
10000
16
40
17
10000
10000
17
33
10000
10000
10000
10000
45
14
9
2
34
0
93
52
54
68
20
10000
10000
2
21
10000
10000
10000
85
10000
77
10000
82
32
10000
28
0
10000
4
72
10000
11
13
87
10000
8
10000
10000
10000
10000
10000
3
74
6
10000
10000
10000
10000
53
32
10000
10000
91
10000
31
6
10000
10000
10000
0
71
25
4
10000
34
10000
10000
10000
24
39
10000
96
23
10000
14
10000
76
10000
59
7
10000
10000
15
10000
10000
15
96
10000
13
43
5
69
10000
10000
15
9
0
10000
10000
10
10000
5
20
5
10000
45
10000
10000
10000
95
10000
10000
10000
88
10000
10000
10000
15
10000
5
76
55
10000
55
98
10000
85
3
10000
10000
4
10000
17
50
57
83
10000
10000
15
18
5
10000
10000
10000
19
10000
13
47
40
68
10000
10000
10000
10000
35
10000
10000
10000
53
92
0
31
10000
2
10000
10000
61
2
10000
57
10000
10000
10000
10000
0
84
74
13
10000
53
89
38
42
10000
10000
47
29
42
10000
74
30
6
10000
37
10000
41
23
40
4
58
10000
7
64
10000
18
10000
10000
10000
10000
26
15
10000
74
10000
10000
10000
43
10000
10000
10000
10000
10000
26
3
0
28
59
42
0
68
99
10000
10000
37
10000
10000
26
3
13
5
87
10000
10000
10000
79
5
10000
30
10000
10000
97
42
86
16
24
1
87
10000
10000
6
10000
16
10000
44
10000
10000
7
85
2
10000
93
28
64
48
10000
28
70
10000
14
10000
12
10000
10000
3
59
53
10000
2
10000
10000
48
13
10000
10000
22
87
13
24
10000
72
85
10000
10000
54
10000
58
10000
10000
10000
6
40
15
5
5
2
77
10000
10000
14
10000
74
10000
10000
10000
35
23
10000
38
10000
20
69
51
90
16
10000
2
85
84
88
10000
10000
37
5
10000
33
1
20
41
1
12
10000
10000
62
10000
10000
12
1
18
10000
29
98
36
10000
0
8
19
10000
46
10000
98
10000
10000
26
61
8
10000
9
20
10000
10000
40
1
10000
10000
10000
10000
10000
7
25
10000
10000
10000
10000
10000
22
10000
10000
8
7
10000
58
31
10000
0
43
44
90
39
81
25
10000
11
35
23
25
10000
10000
10000
10000
19
36
30
10000
13
59
10000
46
30
15
85
10000
10000
10000
94
44
10000
10000
10000
10000
10000
25
10000
10000
10000
10000
26
10
30
10000
10000
10000
10000
47
10000
33
10000
10000
47
10000
44
79
10000
10000
10000
10000
3
10000
5
9
71
10000
19
15
10000
10000
93
10000
10000
10000
36
23
10000
59
10000
10000
10000
48
3
78
65
10000
10000
10000
10000
10000
80
42
0
75
26
10000
93
20
9
51
10000
48
38
48
8
10
75
56
3
10000
7
19
17
10000
10000
55
14
10000
91
73
6
10000
48
10000
69
29
68
10000
10000
91
33
19
10000
60
16
10000
10000
10000
39
10000
1
10000
10000
32
10000
10000
82
10000
14
10000
10000
8
60
41
39
51
7
78
10000
10000
0
10000
10000
29
75
7
10000
10000
10000
0
78
36
18
10000
10000
90
85
10000
83
38
43
92
10000
37
29
23
10000
73
3
10000
78
69
10000
42
68
59
80
10000
17
10000
10000
47
20
10000
10000
10000
10000
10000
10000
78
73
10000
50
10000
96
30
10000
14
21
10000
1
10000
28
0
10000
70
10000
2
81
10000
10000
52
2
25
4
56
0
54
8
10000
30
96
10000
10000
91
22
4
10000
41
37
10000
97
10000
2
34
11
10
1
52
10000
10000
21
62
10000
10000
34
34
10000
10000
18
10000
0
86
76
72
10000
17
63
37
10000
37
10000
66
51
1
20
18
7
10000
6
72
45
10
30
21
63
62
10000
10000
49
64
41
10
12
99
17
17
10000
52
80
74
0
10000
10000
76
10000
10000
10000
10000
10000
10000
1
34
89
3
10000
82
10000
37
12
10000
10000
10000
84
99
10000
82
10000
36
77
5
10000
26
10000
10000
3
10000
10000
41
10000
10000
72
92
10000
29
79
46
25
10000
42
10000
10000
18
36
10000
10000
47
10
10000
19
10
49
44
74
64
10000
10000
60
47
10000
25
19
10000
50
10000
38
10000
63
45
10000
46
10000
48
10000
8
10000
43
76
9
97
65
78
12
10000
25
10000
10000
17
23
99
10000
31
18
7
8
1
35
10000
57
10000
62
66
53
16
10000
10000
6
63
10000
10000
10000
10000
42
10000
44
8
41
0
68
17
10000
1
6
19
24
10000
54
81
10000
10000
96
10000
33
79
10000
10000
11
75
5
10000
88
97
46
10000
10000
71
10000
10000
49
70
10000
10000
14
10000
10000
10000
99
15
10000
4
10000
10000
3
56
22
1
4
35
12
10000
34
41
31
4
10000
72
50
10000
10000
9
61
10000
38
48
10000
91
10000
10000
77
10000
84
10000
10000
10000
23
10000
43
10000
10000
32
10000
10
10000
10000
10000
10000
95
18
10000
10000
86
10000
10000
6
10000
10000
10000
23
10000
10000
10000
10000
10000
10000
10000
10000
27
16
38
14
10000
20
6
10000
26
89
10000
10000
80
10000
10000
40
7
7
31
90
4
21
76
97
14
10000
66
8
20
10000
10000
5
10000
10000
2
50
8
3
10000
11
96
65
6
93
10000
10000
90
5
10000
10000
97
10
10000
10000
95
10000
10000
10000
20
10000
64
10000
47
9
10000
1
46
31
10000
10
45
43
92
10000
10000
1
50
10000
8
93
10000
42
10000
10000
10000
41
10000
10000
87
10000
79
20
10000
5
10000
76
27
98
50
10000
44
55
4
32
48
10000
10000
92
57
63
10000
33
8
43
10000
92
3
17
10000
43
52
10000
10000
10000
10000
37
10000
10
77
23
31
10000
