144
100
128
159
85
25
122
122
80
28
37
34
158
36
41
6
99
101
17
41
139
26
25
130
86
146
50
7
127
139
178
103
182
51
116
21
110
135
53
25
79
182
1
22
40
18
10
156
171
74
42
25
113
98
21
46
122
195
90
125
174
124
152
147
7
195
187
154
46
145
150
86
72
105
108
44
52
114
91
180
165
174
110
15
160
61
14
104
192
137
14
143
79
29
125
139
53
191
127
79
102
106
165
115
174
27
199
106
88
173
157
58
126
152
162
46
92
116
73
131
156
7
37
144
33
33
114
16
7
22
107
8
69
22
144
143
146
133
48
35
34
56
193
92
17
33
31
74
94
139
177
174
3
44
22
13
14
186
189
195
52
158
134
96
135
14
144
163
116
47
117
196
104
129
169
132
73
148
163
110
106
126
52
119
106
175
145
169
167
150
53
52
94
196
199
9
111
8
127
127
167
91
48
71
131
117
127
77
96
2
142
170
4
44
159
71
28
42
27
10
153
164
44
170
117
39
180
30
95
168
50
22
88
73
81
41
3
98
100
2
135
47
196
48
52
103
62
144
51
131
31
172
146
199
8
100
72
144
196
16
57
24
162
178
122
151
95
17
115
42
146
39
168
155
121
164
155
139
99
122
78
91
24
158
126
14
127
120
92
44
7
71
82
22
43
189
172
22
94
135
172
41
162
135
90
49
71
11
38
0
0
25
84
2
69
163
145
6
33
117
168
163
117
199
69
169
50
50
6
23
46
44
44
61
186
134
105
148
156
30
92
98
180
124
102
169
140
160
6
125
151
145
29
163
164
79
25
113
21
33
149
27
110
31
51
59
171
82
52
127
125
71
20
40
98
172
55
67
27
153
124
139
24
55
58
109
43
2
46
197
36
65
24
62
16
132
167
23
121
191
144
147
91
37
108
138
199
131
47
106
58
100
149
132
180
104
129
131
173
174
12
147
146
121
109
6
133
132
169
106
137
157
28
138
175
120
155
106
164
19
156
3
5
126
79
137
47
98
41
146
34
155
109
183
48
143
5
173
3
80
198
125
36
15
178
22
30
125
102
8
71
2
55
107
115
116
29
63
170
110
195
46
143
110
95
20
167
127
88
192
55
155
46
176
15
19
53
150
125
82
79
1
61
125
146
166
19
83
133
25
115
173
169
166
171
162
100
44
9
168
190
18
175
139
122
161
194
147
136
143
130
4
58
11
0
58
92
126
144
128
39
188
115
36
52
69
131
78
154
166
1
22
122
6
105
163
126
6
179
167
199
67
149
115
154
156
6
108
45
131
67
34
166
28
190
195
5
31
163
182
192
105
115
113
92
92
7
59
47
168
36
155
44
192
171
36
122
148
169
131
42
106
170
126
7
187
161
131
147
106
127
45
7
180
87
132
134
126
106
17
78
86
187
13
151
96
24
7
175
171
99
11
86
64
39
146
49
46
128
139
99
13
46
43
156
93
142
101
174
124
161
146
13
14
40
6
58
74
111
157
117
172
168
173
91
42
144
164
57
2
131
167
171
186
0
10
159
131
114
122
106
48
163
46
79
193
83
58
139
163
171
189
31
131
86
32
152
50
47
178
31
82
133
158
195
44
38
6
95
144
127
152
171
139
136
39
109
24
156
151
66
199
146
46
129
134
44
197
185
34
52
67
143
187
41
145
165
20
156
11
61
170
109
166
39
121
9
101
23
72
22
16
169
79
118
80
41
16
28
189
56
161
55
114
151
195
96
2
172
167
107
3
59
162
197
171
44
100
102
152
158
87
139
193
1
178
89
45
102
167
147
45
46
168
60
199
169
48
126
117
82
5
84
82
174
63
187
92
115
25
143
22
139
173
6
89
4
3
12
23
99
120
139
171
154
140
187
85
161
26
60
72
52
86
7
6
175
106
29
27
46
167
103
107
96
83
83
54
51
114
122
123
41
107
109
101
161
21
52
120
95
138
107
102
41
67
181
43
6
133
50
106
51
173
107
158
78
127
125
58
87
134
119
143
176
18
53
19
2
185
113
71
53
182
71
87
136
167
59
121
116
124
45
71
22
6
81
186
180
183
121
23
121
198
25
37
43
27
142
54
187
95
14
197
63
145
71
140
121
18
16
177
16
111
75
85
122
48
49
106
187
82
32
8
147
66
194
71
36
121
181
194
145
31
94
167
13
117
12
189
68
109
77
168
49
83
76
21
15
6
102
157
139
77
53
33
139
158
8
158
5
5
93
6
69
123
167
165
21
170
132
88
119
118
13
195
88
128
123
151
41
164
137
70
108
134
117
106
11
128
2
35
152
36
70
191
51
60
47
71
145
123
196
86
99
59
39
197
5
110
37
47
122
6
7
19
88
6
12
56
182
57
137
45
157
47
122
167
121
103
42
76
182
74
121
113
151
120
150
141
88
73
126
127
131
103
124
91
41
153
126
172
55
76
86
2
85
139
100
89
7
35
9
140
7
20
98
143
57
169
119
112
122
19
21
191
139
145
114
9
167
115
145
144
103
167
127
67
29
85
186
90
3
158
11
93
194
128
41
117
71
121
121
139
26
62
188
143
186
123
182
183
159
168
134
184
132
48
23
116
10
179
126
165
139
85
69
14
5
175
137
121
98
174
131
23
108
131
169
189
91
40
197
181
169
131
36
107
195
111
155
198
6
96
31
152
24
68
111
49
120
47
33
96
183
22
23
37
27
117
131
27
152
198
100
140
2
50
191
66
60
154
192
144
93
161
96
2
77
11
102
189
6
59
55
179
125
166
50
194
46
168
134
50
66
51
78
185
31
155
151
190
167
19
157
24
151
71
85
39
191
68
1
55
78
64
186
190
5
50
83
113
177
162
47
180
151
53
54
175
135
13
109
174
162
65
13
165
55
74
198
198
184
91
122
39
121
22
133
84
31
71
91
188
89
42
99
86
155
134
92
19
97
150
130
9
122
30
0
90
185
130
84
66
80
88
6
38
47
156
89
23
22
10
128
9
132
9
96
180
38
61
122
104
2
31
82
48
186
16
143
51
138
28
41
119
9
51
116
195
12
189
93
138
174
31
165
34
126
165
43
183
125
176
131
184
190
52
192
48
72
128
143
114
81
96
34
108
125
10
2
30
185
53
6
5
54
195
38
2
5
98
163
6
30
155
36
120
97
179
85
67
147
132
59
15
95
137
195
134
110
28
122
156
30
116
101
88
12
19
80
57
82
81
175
13
23
93
27
83
187
104
62
30
28
95
32
93
87
151
37
143
171
110
131
60
7
6
94
20
90
139
166
99
57
4
139
50
106
61
6
3
96
130
151
87
66
43
138
144
106
185
108
137
185
141
124
139
173
46
180
131
4
45
185
171
40
43
183
173
173
124
130
36
161
6
73
18
29
190
82
129
137
78
137
101
17
10
131
23
36
2
86
41
29
25
180
151
171
129
40
27
189
199
35
108
180
169
56
82
82
83
4
80
123
6
119
135
18
160
175
60
114
58
161
131
173
170
122
54
72
172
137
169
197
181
136
69
56
37
72
158
155
26
121
105
47
49
119
122
184
75
108
100
188
29
15
104
195
74
24
50
145
88
130
101
36
155
183
42
13
180
119
31
180
199
55
123
35
190
45
34
13
43
50
31
120
32
107
132
67
129
25
178
24
175
9
54
96
54
59
18
22
141
0
30
169
97
50
90
99
82
134
56
130
102
36
2
96
131
168
183
8
98
40
17
21
126
81
76
41
129
191
49
49
159
88
165
55
96
108
6
12
82
84
131
41
31
127
192
3
166
65
135
87
62
174
74
159
184
46
38
121
198
14
141
24
186
162
133
115
118
199
20
157
135
143
197
163
27
56
71
90
106
140
183
122
61
144
131
106
168
169
105
173
108
102
106
120
29
32
177
58
22
33
146
132
9
188
138
99
124
26
70
69
95
58
157
134
45
59
94
86
52
77
180
60
196
75
77
142
36
54
192
73
165
81
41
160
191
95
134
93
150
68
97
68
97
193
90
44
126
132
143
148
23
41
112
47
170
43
130
80
160
67
117
2
2
102
179
106
171
18
141
143
191
17
96
23
189
42
121
114
148
139
32
96
122
67
46
87
0
41
89
107
49
179
121
162
54
141
180
149
68
142
37
124
90
23
76
35
42
13
22
130
131
24
102
94
180
25
59
15
183
161
131
32
83
96
89
60
88
140
140
190
108
115
157
103
130
74
23
135
121
64
18
44
111
32
65
55
16
106
52
9
63
60
15
8
129
60
174
96
59
128
15
122
82
172
59
4
67
109
97
68
137
76
180
26
134
102
154
