167
197
9
121
186
133
174
16
62
54
147
142
38
141
182
168
24
108
15
150
165
180
28
28
166
27
32
32
19
174
43
115
28
18
53
87
177
126
16
123
24
8
96
181
34
76
108
95
182
79
171
88
173
152
43
35
112
117
78
172
9
75
100
108
94
163
114
76
186
77
122
63
75
126
134
83
96
138
73
47
197
61
44
175
25
85
119
44
68
14
196
2
55
198
125
39
156
16
31
191
177
10
107
27
148
22
171
172
34
26
39
66
185
69
174
37
45
41
57
68
10
194
90
51
44
146
134
121
22
120
147
65
127
186
26
166
176
176
176
6
180
6
180
33
96
92
42
162
177
157
171
187
91
35
193
61
7
106
133
23
60
181
181
193
65
44
133
67
174
196
127
56
61
77
172
66
141
168
162
140
166
70
153
95
107
135
10
81
93
197
149
107
84
197
111
16
197
187
156
127
127
51
93
178
129
37
165
112
27
0
136
39
193
100
158
118
188
183
67
52
25
25
166
91
58
9
9
8
127
55
22
197
135
77
111
184
98
185
185
137
124
104
113
3
192
170
81
81
83
24
70
169
28
171
121
112
10
89
6
74
73
184
35
111
93
40
33
30
19
99
134
43
52
106
188
1
80
129
64
86
36
185
84
76
81
15
189
30
78
112
86
174
96
116
160
104
71
159
141
14
106
112
41
63
16
97
156
126
96
107
199
113
199
69
13
27
60
19
24
183
122
86
93
61
42
18
31
33
34
55
14
162
197
197
153
92
95
104
112
187
93
90
167
158
165
45
77
189
189
114
27
5
104
119
122
86
12
14
97
133
79
93
36
92
136
147
129
7
58
26
45
9
26
118
104
176
59
182
102
64
86
133
112
107
142
90
35
66
92
2
50
139
115
181
30
166
4
34
56
140
15
107
122
103
106
120
110
114
91
29
71
99
175
96
106
105
120
154
9
69
118
72
155
1
95
186
179
34
112
64
189
118
130
106
93
85
36
121
123
15
100
162
65
65
50
99
22
153
118
48
112
46
91
122
182
197
179
107
128
190
178
134
18
87
51
52
155
109
89
123
124
148
17
78
159
24
191
115
115
55
104
113
161
80
39
90
118
5
112
60
121
75
187
145
77
161
125
113
177
172
19
173
17
127
133
27
82
147
70
141
81
46
11
62
103
142
155
16
195
114
20
33
169
64
86
15
157
156
149
83
138
26
99
186
117
79
11
41
174
103
86
189
121
73
152
73
112
65
193
53
43
179
34
166
137
24
115
49
20
79
34
94
115
157
172
190
101
151
6
105
112
70
167
169
105
53
128
118
174
105
109
152
10
189
193
23
97
194
78
1
96
147
57
121
71
196
121
86
47
109
9
90
74
5
105
47
187
165
199
111
190
36
87
111
85
38
139
135
144
59
148
6
96
153
3
149
50
128
122
111
160
51
16
18
126
42
154
14
167
56
164
10
188
2
83
159
48
79
195
126
119
122
69
9
133
135
11
154
54
112
77
10
183
141
85
170
112
143
150
80
119
129
37
30
84
192
23
20
70
30
21
161
192
144
23
133
19
26
84
15
18
18
187
55
49
168
175
4
26
191
103
164
121
68
49
12
163
184
148
154
193
95
136
172
171
102
72
170
192
143
74
107
111
185
138
161
97
59
110
162
146
121
183
27
160
88
176
188
70
37
118
18
172
88
140
150
78
124
8
113
43
33
3
108
104
46
143
171
40
93
178
46
99
170
73
120
102
27
46
77
120
118
29
14
101
61
114
163
196
140
99
88
18
82
96
22
135
30
28
143
57
117
66
192
4
143
134
111
130
111
198
135
118
155
55
164
57
68
59
59
79
165
128
129
46
121
99
19
30
151
167
194
163
15
63
36
180
154
174
36
57
39
38
147
110
130
94
184
26
99
19
149
74
185
165
140
117
172
56
22
123
193
79
41
21
169
178
33
175
123
176
163
110
10
126
152
184
90
60
80
155
26
111
195
39
17
44
170
115
42
89
143
11
123
83
17
5
18
160
160
149
82
10
46
131
59
195
24
55
145
94
1
5
114
133
17
121
93
70
27
53
160
49
26
59
11
115
97
175
99
132
34
9
24
198
24
141
17
99
97
114
105
105
110
113
11
95
52
97
161
86
158
16
48
190
115
1
65
154
187
102
87
24
150
52
9
114
24
198
21
25
12
150
136
169
122
30
101
70
79
183
52
38
58
36
50
32
53
44
37
184
144
191
68
196
130
57
121
26
156
39
91
25
132
155
34
64
176
113
23
91
122
126
84
105
79
57
179
19
24
70
18
176
12
33
99
178
160
141
49
97
82
150
192
72
24
61
157
36
164
113
184
166
87
195
96
18
74
64
64
192
49
88
20
184
15
144
92
198
17
165
151
172
114
177
180
137
101
61
2
194
116
55
85
68
80
117
19
161
129
76
112
68
97
91
122
16
89
136
7
65
145
155
105
145
46
103
113
46
98
192
6
62
18
150
120
169
71
45
137
72
124
99
86
156
162
49
193
18
130
117
116
61
196
104
137
12
148
103
57
176
62
93
1
101
97
124
79
69
93
18
111
144
18
34
25
18
103
112
128
45
10
39
124
11
168
114
121
190
101
139
92
61
181
199
108
65
118
20
44
183
24
0
25
114
137
164
191
18
7
177
163
159
134
52
139
81
194
110
29
99
50
19
31
100
192
34
188
52
74
7
8
171
4
11
165
27
103
78
51
192
131
57
14
17
188
179
18
154
187
17
140
181
38
25
114
182
131
190
182
28
160
10
189
87
194
134
4
147
124
199
48
89
110
44
180
36
8
96
149
102
173
81
18
27
118
160
122
100
134
197
114
39
199
6
167
163
126
51
22
112
55
142
99
108
174
5
113
127
50
107
124
153
124
188
74
49
164
121
8
58
178
33
168
2
171
103
158
120
88
134
160
41
105
48
65
86
121
173
145
14
183
131
52
163
81
108
157
102
28
20
24
168
10
97
149
148
150
68
3
131
148
198
123
8
73
52
152
164
22
147
143
40
22
108
14
81
77
6
122
156
168
102
144
188
6
58
34
119
83
39
176
81
124
151
88
118
122
41
76
195
57
168
110
4
91
119
87
22
144
156
32
97
33
175
43
11
23
87
163
51
46
112
193
34
130
136
150
118
123
21
165
74
25
96
47
154
105
100
87
173
176
193
55
33
109
8
121
106
181
44
145
17
4
133
121
14
86
58
7
27
26
61
111
46
121
190
129
100
91
141
130
79
153
48
189
11
174
76
48
98
90
96
149
156
82
150
26
173
182
199
78
106
186
61
91
168
97
19
191
185
4
149
177
29
24
20
179
64
108
15
161
12
24
153
126
151
178
35
54
88
80
158
12
74
169
170
46
141
72
124
99
68
26
97
158
93
164
96
195
35
154
126
155
111
48
9
19
74
182
192
180
75
197
27
61
187
139
25
138
24
18
18
158
57
164
49
5
36
133
96
95
38
22
26
167
134
59
35
58
20
124
68
77
118
36
127
51
24
108
61
56
18
90
97
27
123
136
124
143
126
99
195
43
72
61
180
129
145
61
104
121
40
158
198
39
81
136
60
64
160
121
99
168
111
189
55
38
143
39
70
46
96
191
17
158
24
84
114
169
192
55
144
72
99
76
195
199
190
145
197
51
160
117
169
84
38
141
163
130
167
179
181
136
74
34
180
117
194
188
24
28
186
110
20
146
129
100
65
24
175
147
68
57
143
140
1
83
19
107
141
114
76
186
151
181
26
10
193
12
81
55
145
71
167
140
18
58
175
129
16
192
46
15
100
182
16
95
178
4
117
98
24
67
64
87
9
83
195
74
66
26
78
42
167
32
83
66
183
117
23
31
122
90
174
158
91
121
132
97
107
167
64
85
142
49
142
168
108
36
113
173
103
55
185
134
183
132
95
121
50
52
178
159
24
159
131
33
125
5
145
153
184
96
3
117
94
138
98
124
131
156
157
20
19
100
192
135
24
157
18
158
29
17
136
123
16
2
18
163
31
166
82
24
21
21
28
195
8
113
186
186
13
37
23
5
87
52
126
180
124
67
13
199
90
138
4
59
11
73
158
27
63
86
134
124
185
160
1
23
170
133
170
87
150
54
46
172
177
112
85
34
60
176
83
97
57
179
167
179
45
24
11
183
152
77
145
123
18
96
119
159
134
125
26
198
101
0
0
167
137
105
19
76
91
64
196
124
27
103
148
17
130
154
81
40
51
