20
28
45
2
10000
31
48
43
96
72
10000
95
70
10000
10000
49
0
10000
10000
10000
10000
10000
69
69
10000
9
10000
10000
15
48
94
60
69
1
74
37
10000
32
43
10000
0
75
5
10000
14
98
10000
66
10000
10000
10000
55
10000
10000
94
80
3
10000
10000
10000
45
10000
10000
10000
71
10000
11
98
10000
10000
17
10000
10000
32
22
10000
5
81
10000
97
28
12
10000
10000
10000
76
58
10000
10000
10000
10000
10000
19
10000
10000
41
10000
43
91
10000
10000
27
10000
9
10000
10000
10000
10000
14
6
41
99
10000
10000
48
10000
10000
85
25
10000
27
53
10000
10000
10000
10000
22
2
10000
65
10000
10000
77
10000
6
10000
29
29
29
10000
10000
10000
10000
10000
5
10000
10000
10000
10000
10000
10000
10000
36
80
47
12
10000
83
31
50
59
10000
10000
47
10000
10000
31
10000
48
10000
77
67
12
10000
10000
99
10000
49
10000
73
10000
10000
87
66
10000
93
27
24
35
28
10000
10000
10000
28
18
43
28
10000
10000
77
77
10000
35
10000
10000
10000
10000
3
9
86
10000
41
47
10000
30
10
10000
10000
10000
40
10000
10000
10000
36
61
45
45
75
77
19
10000
28
93
10000
18
10000
10000
10000
10000
89
7
68
33
10000
16
10000
24
24
10000
0
10000
10000
69
10000
2
3
27
10000
10000
38
10000
10000
80
18
35
10000
10000
10000
15
4
22
94
40
83
10000
88
10000
10000
39
23
42
10000
10000
98
24
10000
10000
10000
10000
3
23
48
5
10000
21
68
10000
62
10000
10000
83
3
85
10000
43
8
10000
32
5
10000
10000
33
10000
10000
10000
9
59
15
0
10000
17
23
35
12
10000
1
91
10000
14
19
10000
10000
28
28
87
10000
66
68
3
10000
35
10000
20
30
10000
10000
10000
10000
10000
11
9
10000
68
58
17
23
54
10000
8
31
10000
35
42
10000
10000
10000
10000
10000
61
6
10000
45
6
10
68
29
57
10000
10000
39
23
31
3
10000
95
10000
80
99
10000
10000
78
10000
60
10000
10000
10000
10000
14
67
73
10000
10000
17
10000
83
65
56
11
36
92
10000
4
10000
5
83
34
65
10000
45
10000
10
90
10000
88
66
10000
10000
14
3
39
10000
10
63
83
35
76
42
2
10000
10000
10000
10000
10000
10000
78
4
10000
87
10
10000
3
13
36
17
10000
28
10000
10000
10000
10000
10000
22
1
37
10000
40
10000
82
10000
10000
7
10000
26
10000
62
0
10000
60
60
19
68
33
51
10000
41
10000
10
10000
3
59
2
10000
10000
10000
10000
51
10000
33
10000
10000
15
10000
26
77
31
9
10000
10000
10000
10000
24
13
44
96
10000
95
10000
43
46
11
10000
10000
10000
39
23
10000
10000
10000
10000
10000
81
6
4
10000
10000
10000
44
85
48
10000
23
10000
2
10000
10000
10000
3
10000
47
74
94
10000
14
10000
89
0
60
10000
10000
10000
14
71
60
10000
10000
10000
10000
10000
10000
34
3
10000
20
10000
34
74
10000
10
48
34
82
10000
27
10000
47
50
8
53
10000
88
5
10000
25
2
10000
10000
2
23
97
82
45
10000
38
10000
34
97
10000
10000
10000
18
10000
42
37
18
76
70
10000
93
79
57
10000
10000
5
87
10000
10000
78
10000
17
18
21
10000
43
1
32
10000
10000
10000
20
67
10000
27
10000
10000
10000
62
10000
10000
46
32
58
17
10000
45
31
93
44
10000
72
3
10000
27
10000
10000
76
10000
3
10000
10000
10000
58
10000
10000
10000
10000
16
50
10000
10000
10000
52
51
16
79
50
31
15
6
10000
10000
1
1
10000
19
10000
49
10000
10000
6
10000
10000
10000
2
10000
10000
54
10000
10000
10000
10000
47
66
10000
10000
10000
10000
90
10000
16
10000
38
10000
18
10000
81
51
8
57
56
10000
10000
2
10000
9
21
55
29
10000
10000
10000
10
1
10000
55
73
10000
10000
7
75
33
94
10000
10000
10000
68
13
10000
10000
10000
35
10000
13
4
10000
10000
65
10000
9
13
10000
65
10
92
10000
10000
12
11
10000
10000
73
4
55
1
10000
5
10000
93
10000
69
10000
25
10000
99
16
10000
10000
22
18
63
18
10000
93
10
10000
19
10000
25
10000
57
57
10000
10000
10000
10000
13
2
4
15
10000
10000
20
53
10000
10000
10000
42
10000
10000
48
42
25
41
70
10000
56
63
71
10000
6
4
15
10000
38
10000
10000
73
10000
10000
67
10000
10000
47
10000
85
52
10000
10000
10000
10000
10000
29
10000
56
27
32
10000
10000
10000
59
10000
10000
6
18
46
41
26
10000
10000
60
10000
10000
10000
44
10000
10000
26
10000
1
21
21
10000
10000
27
13
84
57
46
0
19
10000
71
88
10000
11
31
26
2
35
10000
9
74
21
10000
6
57
44
60
8
10000
4
64
14
45
0
10000
0
10000
26
4
8
11
34
34
56
33
44
66
40
8
51
23
30
43
10000
10000
60
88
10000
10000
10000
10000
37
0
10000
40
45
11
0
10000
52
10000
54
10000
10000
10000
17
10000
10000
10000
10000
10000
40
70
61
42
78
10000
74
10000
10000
10000
79
10000
10000
10000
63
25
2
6
10000
41
36
10000
64
10000
14
39
29
33
50
36
17
32
10000
34
10000
25
10000
15
0
10000
1
29
54
10000
4
10000
21
10000
10000
8
10000
10000
16
90
0
12
10000
42
10000
33
10000
10000
37
46
5
1
38
39
39
16
10000
55
10000
10000
10000
79
10000
10000
26
10000
10000
10000
11
10000
10000
89
10000
12
10000
53
10000
19
76
10000
10000
10000
15
51
10000
98
3
10000
8
36
17
43
10000
10000
10000
10000
10000
10000
34
10000
13
10000
33
13
10000
16
10000
96
1
10000
65
10000
10000
10000
89
90
7
4
23
10000
10000
10000
47
1
63
10000
10000
12
10000
68
89
54
10000
10000
25
29
96
35
88
10000
8
7
10000
10000
35
1
18
79
1
14
10000
1
10000
3
10000
10000
27
41
7
44
49
11
2
10000
10000
10000
10000
12
10000
10000
10000
10000
10
10000
10000
10000
0
86
10000
11
89
10000
10000
1
10000
10000
10000
62
22
40
10000
24
53
56
92
4
78
15
91
10000
16
14
10000
40
38
10000
75
10000
10000
44
10000
9
10000
10000
10000
16
84
25
10000
26
10000
10000
1
10000
10000
26
73
10000
70
10000
11
10000
84
10000
10000
69
21
27
10000
37
53
22
10000
10000
7
10000
10000
10000
56
10000
10000
42
75
5
10000
10000
10000
24
1
9
10
21
17
10000
22
28
11
41
10000
10000
20
10000
32
10000
10000
3
19
95
4
10000
48
10000
33
77
78
10000
7
87
7
10000
38
10000
10000
2
75
61
10000
10000
49
10000
10000
10000
30
65
55
22
21
85
34
10000
10000
23
2
10000
10000
10000
10000
84
40
10000
24
10000
10000
10000
69
10000
0
49
27
8
10000
10000
10000
10000
10000
84
10000
10000
10000
75
10000
40
10000
10000
10000
10000
10000
10000
10000
10000
10000
24
10000
10000
17
10000
49
10000
79
10000
10000
61
14
58
10000
41
29
24
7
10000
55
10
17
85
98
46
25
49
56
10000
36
58
37
10000
79
10000
10000
8
10000
10000
94
44
50
37
10000
10000
13
3
47
14
63
10000
10000
10
10000
52
10000
38
10000
5
97
10000
34
10000
37
10000
29
47
19
10000
82
75
2
83
10000
10000
10000
26
10000
31
2
10000
23
61
10000
9
6
12
18
13
2
10000
10000
10000
36
10000
63
10000
87
10000
10000
44
48
98
10000
10000
10000
5
10000
10000
10000
10000
6
10000
10000
10000
10000
83
10000
12
36
49
8
15
10000
10000
10000
10000
10000
92
0
10000
10000
39
10000
10000
51
54
0
87
32
10000
10000
80
72
55
10000
30
54
38
10000
10000
13
10000
90
7
4
10000
6
8
30
35
10000
5
46
80
10000
32
10000
18
10000
45
15
38
10000
16
10000
10000
28
9
12
10000
10000
10000
81
0
1
1
30
25
10000
10000
10000
42
31
5
66
70
10000
6
20
22
57
80
61
10000
7
10000
10000
10
42
77
10000
0
10000
12
67
1
10000
8
9
10000
10000
7
10000
32
4
46
94
90
12
10000
10000
10000
12
68
2
10000
30
10000
41
24
10000
59
39
21
2
4
49
18
10000
19
70
10000
41
10000
13
5
10000
26
30
0
10000
11
10000
16
19
79
90
4
98
46
10000
10000
10000
28
10000
21
10000
10000
10000
70
10000
10000
63
20
10000
10000
10000
38
14
10000
10000
53
10000
0
69
10000
56
10000
10000
10000
10000
10000
0
10000
10000
10000
25
10000
73
88
10000
15
10000
10000
11
98
10000
10000
10000
6
27
47
54
24
19
10000
10000
20
73
1
61
10000
10000
43
16
13
10000
10000
10000
43
66
10000
10000
10000
10000
0
10000
39
37
45
10000
46
38
99
6
10000
10000
20
10000
10000
99
10000
10000
50
91
17
10000
48
30
36
2
64
8
10000
20
39
76
95
10000
95
49
10000
42
33
10000
10000
19
10000
22
10000
64
66
2
78
40
10000
62
0
62
84
10000
10000
10000
10000
87
10000
5
10000
10000
71
81
10000
7
84
10000
10000
10000
15
10000
16
93
0
10000
1
30
92
26
10000
10000
43
10000
1
10000
91
10000
10000
0
52
52
69
46
75
33
10000
10000
10000
10000
50
10000
37
40
32
10000
7
10000
10000
10000
10000
81
10000
57
44
10000
30
9
10000
23
22
7
10000
21
88
50
10000
31
10000
37
10000
72
13
10000
10000
3
76
14
59
29
10000
8
25
10000
20
10000
10000
0
44
10000
10000
10000
10000
10000
1
5
58
62
22
10000
6
10000
10000
86
86
20
89
34
15
98
36
39
10000
7
9
10000
10000
26
63
10000
24
10000
10000
